701
1536
6718
1981
5664
3465
7878
569
1751
2476
1893
3480
116
819
3247
2044
2126
211
4508
701
1427
4298
4458
3053
833
2573
6366
5914
5956
333
2689
307
2274
4317
1251
2304
77
453
932
3165
331
2322
5563
3822
2120
8649
3160
185
2823
346
953
1781
3850
374
542
830
2679
1939
4242
1742
5161
2538
2393
3216
125
32
83
747
546
169
1108
2107
306
5593
91
294
126
976
514
2112
754
4498
144
1127
526
8
3458
4005
4199
893
1198
